x1,x2
1.1011086176781169e-05,-0.016733507132647662
0.020418148368584393,0.007254747129148879
0.040825285898988144,0.03124412121608357
0.06123242386304212,0.055235322648911934
0.08163956257982188,0.07922946295830292
0.10204670259350658,0.10322825456815617
0.12245384482491882,0.12723427578644564
0.1428609908195756,0.15125130152569807
0.16326814314925323,0.17528466384462543
0.18367530605346438,0.19934153195727433
0.20408248644665064,0.2234308506542772
0.22448969546186184,0.24756239144424047
0.24489695073171383,0.2717438697684769
0.2653042795616103,0.2959742821980784
0.2857117228804589,0.3202305550349896
0.3061193390623609,0.3444437803360986
0.32652720496489135,0.36846252672231505
0.34693540868929906,0.3920079987046456
0.3673440263059385,0.4146443085825394
0.3877530788781478,0.4358131892659878
0.40816248412998946,0.4549838475091528
0.42857204195761667,0.4718925442268639
0.4489814881943199,0.4867177744769544
0.4693905943045226,0.5000269812851654
0.48979924142471,0.5125242818814012
0.5102074254871181,0.5247974770052726
0.5306152146581721,0.5372042612011957
0.5510227023196921,0.5498834963509828
0.5714299785773762,0.5628112010635743
0.5918371212621134,0.5758436223308653
0.6122441999022282,0.5887308505741982
0.6326512876178644,0.601115627752408
0.6530584786708549,0.612564609611077
0.6734659090025231,0.6227332453994896
0.6938737693703495,0.6318363734497314
0.7142822819695015,0.6415762616968208
0.7346915944199763,0.6562425871908201
0.7551015912522663,0.6826317400818294
0.775511784648536,0.7271320668615875
0.7959215089988952,0.7914044365274465
0.8163303038688169,0.8713559279023536
0.8367380884880793,0.9604565903185942
0.8571450388075124,1.0532837094145242
0.8775513980933556,1.1466723144748088
0.8979573725804497,1.2392336839849123
0.9183631069599263,1.3305681614215845
0.9387686940685347,1.4207132061222099
0.9591741910501487,1.5098534569806852
0.979579632524717,1.5981934584478843
0.9999850394361622,1.6859113746057919
